data = {'user1': {'data': [['30-04 21:51', 27.57328, 78.165828], ['30-04 21:51', 27.575105, 78.166049], ['30-04 21:51', 27.578313, 78.184676], ['30-04 21:51', 27.578786, 78.185728], ['30-04 21:51', 27.578786, 78.185728], ['30-04 21:51', 27.578465, 78.190033], ['30-04 21:51', 27.578491, 78.191173], ['30-04 21:51', 27.579095, 78.193795], ['30-04 21:51', 27.579933, 78.197436], ['30-04 21:51', 27.581176, 78.198898], ['30-04 21:51', 27.567678, 78.240496], ['30-04 21:51', 27.567645, 78.240598], ['30-04 21:51', 27.565933, 78.238611], ['30-04 21:51', 27.564913, 78.239585]], 'color': '#FF0000'}, 'user2': {'data': [['30-04 21:51', 27.581105, 78.243399], ['30-04 21:51', 27.567645, 78.240598], ['30-04 21:51', 27.565933, 78.238611]], 'color': '#00FF00'}};
last = [27.565933, 78.238611]